20
-17.910866526988343 115.14647414649527
-45.487891883545586 -119.12205143174346
40.114123417333104 95.79906462198286
47.28176817747319 -73.23621743719964
31.19918255621257 -28.499735366097045
18.53068474000015 134.80061787219728
-67.6483906716175 -93.18888092996986
59.47344683687383 150.6971391706219
15.2648726334547 141.7270578234218
-48.53161633168098 -88.15619530333827
-32.20180768667281 142.5229413502007
-7.623585820407492 -64.99927416915828
-36.500452547828054 8.509769948340193
63.94437725118571 -14.78926109428929
56.628215058907955 -77.48267600721076
-2.6149123228706666 33.19692366830787
67.41653332167482 -86.558898749438
58.849549861378534 83.0781491242182
79.14350315749836 138.95436228218216
-71.18203367402978 -42.29997493710118
