30
-80.51746417923371 177.24808740816545
-7.415779784724376 -165.95919938332602
-45.32778827689743 126.65120857529328
-8.207189109981972 120.62492096116955
64.56834349914448 -52.6305725011027
-46.37031855552219 66.47191044820119
15.956011373176889 -144.04378806250185
-50.3680845072476 128.16974524860294
61.01112591709257 35.31422020606083
79.24656753034786 22.86558537773947
25.652798427130033 68.92590190627791
-85.32938263687461 148.8947349022012
-60.86395168819349 -143.11753940619752
-47.76767798849721 66.64435516508445
-64.4878404210074 77.89721326736132
72.91236843847271 -41.53996956293383
-13.891666205830221 -5.746413494392725
71.51487158644302 138.62333841381047
-61.80251699769017 37.77615894112003
56.13400399408546 157.4515012378784
78.98352254783862 -118.70849059945596
14.608411384799497 165.38802561870577
39.18254758267662 -170.0845849516822
69.98291014510252 8.418524491203836
-57.148936588359255 52.969504427938865
17.603920609004163 60.84560234240104
29.777763469753673 -161.7408900185104
-14.298234016664514 59.74145611963576
26.641841755020117 -84.85905497919835
-67.57272163341878 51.17672865444588
