40
59.537318973094614 55.795048786565154
-14.40944551440778 96.54231835049973
80.33590181822713 4.043183006721351
56.96446891318215 140.11673834766603
-82.31858648330108 -66.28186195478227
-57.02570009232643 -66.52535899050633
31.13277175110096 0.6584090492230545
-79.87833515331057 140.11435025012082
-28.292603052121994 140.41232905738914
-86.91888822481332 -132.8113182655069
-33.33135191671046 112.33970925965994
85.38664340139887 36.22145257858771
81.2967313022392 -47.05102318212186
-5.579915247167614 -42.88081954265947
-26.121915892341985 -61.69670122580748
-33.19485640476724 -38.01125382196092
-56.220583707272084 31.009899562913635
-85.48345485866851 0.17912889489682804
-76.73467641433837 -19.694147866831827
27.798361718571748 -144.44439339661383
67.43575038160195 -60.602320485610754
-48.11052962658047 -179.95306108162964
80.99730161686553 67.68101256628954
65.45211993793778 139.9045682055342
-54.00759992433778 19.029316515876484
-13.53947270783095 86.64715859077762
-52.661693780148696 -88.4487510454538
75.64410309942942 163.0541184816452
-39.26550295229775 117.42333202459861
85.14927178194198 79.62940850707088
-77.02004136692392 -138.54401548524982
37.954606290649224 -84.03402921537563
-36.89258143836896 138.41532989977168
-79.52730223220946 48.78797153937874
71.44801271551793 -31.496762165895245
37.7849997802821 27.588521049531263
-1.605895407181524 42.68565320571965
13.720281467249707 -15.461775503921128
-48.92010028804221 171.8687976644451
22.75149930678123 157.50505908371738
