50
4.758706907251952 -103.5212784555842
66.10975197840555 -1.7068454468787535
56.8383529320722 101.77472992720591
75.45183219498576 141.58334992997504
32.26163096322103 -120.28652075849307
42.189743675878084 -131.84969222115396
-20.321465889271725 35.77563459602849
85.2014653810404 -122.63033324729643
-48.76364599266854 -45.95670585585557
-78.54336902702698 73.04178029867423
35.62843549504375 -46.96847169421325
71.30965789183618 -66.57051436980268
-69.00009654079844 157.0248954251581
-21.54933413540546 -102.51512761499387
-38.7331021459869 -6.206290950318374
80.70375639673004 171.1987248131935
-88.02722184185971 170.07286521169567
85.18506826831104 37.10213099253792
-25.173134956379702 -90.25240063612286
-71.30498467236573 -1.6922955878584347
-12.167157669927226 64.24957922043
86.82651668080841 -131.94686131292931
-54.26547824454941 12.657959674364877
-10.953381857840148 5.371781719137826
45.83932491005028 39.984085532503904
30.0327938247719 7.042812409972019
-57.45319077018258 64.45053191965584
11.758251492031306 -38.887172793096276
50.509763986583486 130.07620703945082
-75.25250932367429 85.1449432036005
68.79819893042387 42.66746081242451
36.85164848847283 134.34367077583477
75.38129195313923 -139.0959865896511
48.48383592988493 -77.21646114335856
-29.63337879705529 -120.12755637169141
-25.022226397520875 64.77164842806405
68.6745220783414 141.06002162507062
17.281219576280595 -47.5504122160109
39.24462206291368 -5.659228969867265
32.09210771122933 152.6640798593209
78.67809079826608 174.86282735685216
-14.862562167541922 4.602055370866772
-8.102848953515961 -27.30905349640085
-9.390442764748386 67.35570822854702
19.621967165889785 116.70645091139102
21.876535885227323 105.64182116380302
39.06577815496728 157.8906643180927
-64.04937727548615 -124.95891557346296
-45.2013201344858 -172.49421847779305
-14.92077792906195 10.999396322656116
